2201
4662
6942
6572
6256
516
2089
965
4058
6233
3682
3868
5337
3109
6461
1719
768
3996
232
7318
6846
3193
3545
4976
6244
6284
17
5700
3648
2181
5910
6568
1874
4842
7743
837
7384
2600
250
182
208
5321
4435
75
7693
7219
3122
5623
1774
7938
3457
5946
237
4322
1816
8187
3587
8147
4061
4529
1909
2831
1891
5544
1792
8182
3765
7800
2373
7589
176
3409
6861
7506
4558
7554
5261
819
1522
5155
5928
7044
2428
990
6087
2725
7336
8161
7972
5826
4102
7671
7923
8141
4159
6799
7456
5491
1555
2485
2327
4813
7974
7229
4090
6932
7707
4139
3222
4825
6990
282
3934
1988
6092
6532
3311
3394
5445
1417
3007
4495
7231
5759
6355
5525
6047
3069
708
3595
5437
4165
884
6377
1341
4267
6880
3221
3035
4011
6002
242
3844
356
2527
5762
6949
5036
4859
4736
3224
5301
1395
1381
4114
1859
100
6312
1634
4420
7537
7047
4491
1901
3313
4208
2816
7802
8189
4733
2894
3761
7452
2205
5400
4489
4988
7840
5975
46
3143
6419
7020
6721
7820
7259
7687
6066
4198
6628
1058
4249
6368
4598
1683
3490
7780
459
3941
7127
2987
4669
4541
1637
7708
4134
3386
3972
6662
2922
8074
2835
12
4411
4424
5107
6442
5017
2712
3753
4914
229
6591
1880
5204
1451
4511
4787
1480
7053
750
6540
4514
6529
6973
6688
7626
2091
265
6895
7729
5514
577
681
7111
136
3710
119
6177
6189
2303
2044
2200
896
6531
5118
1512
2821
2378
569
1371
1307
2090
4320
7798
1377
5379
2235
5310
5829
2412
3724
5755
2637
4067
3881
935
193
2555
3166
2812
3448
6522
1540
2116
890
2076
7371
5981
4178
1712
4961
3536
6693
170
1846
146
3254
1199
289
5888
7863
1312
3650
5772
4147
5555
3495
4462
6817
1807
5167
6535
5693
4231
3693
1828
4291
5312
251
3235
5528
4717
6581
2631
5405
5168
3492
481
6041
2446
1029
1737
7172
388
2509
579
7032
626
2542
7513
7694
2440
6093
1296
8120
4627
2067
1068
69
4593
7198
6967
310
4838
6712
1782
7379
4671
3775
1405
6782
7108
7126
6389
5767
5103
4168
306
3096
1641
2842
811
1685
4697
5522
7344
3546
4844
1590
4033
855
7683
5455
3195
2425
4129
4094
140
2665
5014
7140
3295
7370
2304
148
1285
1645
7024
2684
6644
4614
6411
1107
2777
3516
1745
2183
8066
789
6862
3106
7636
4486
8025
7491
7228
7781
5628
4377
3969
6291
4362
1922
535
5943
330
693
1089
1390
1364
7462
4409
1744
2195
6218
2721
4916
4144
6890
7954
3015
2775
2787
933
2385
1926
7105
7733
4947
6385
5858
7268
4004
1108
4751
4515
6309
854
2627
320
3330
599
3114
7095
6456
1206
6787
1024
2792
939
5039
4812
6405
7587
7822
627
4675
4507
1832
4636
669
2185
2989
7297
2421
4623
4376
7578
936
3750
7346
2270
882
6447
374
6781
2422
101
5027
5492
7944
751
3387
942
6767
7250
6470
327
1539
1963
6434
4807
7910
1327
946
7876
7931
5577
1977
1302
6094
6922
842
3564
7460
3098
6606
4447
7448
6703
2408
7713
2075
7922
3907
2576
820
1700
5341
8154
324
223
86
6445
7582
7706
5951
4887
2623
3685
3205
2566
3264
515
525
7482
2599
4927
3734
912
2048
1762
6431
5061
6372
7300
7663
7107
5637
3841
5421
2914
2122
1500
4436
1702
2517
1631
2018
2952
666
6717
2300
732
6170
3669
741
7652
4705
5271
2776
1863
3198
2513
336
2680
1530
2594
6494
6939
4743
7319
7547
2480
2013
2738
826
4458
5008
7590
6615
4882
754
2007
1803
166
6621
1996
3291
592
7757
7735
7623
580
5973
615
8121
5205
81
2382
6149
6489
2942
4040
3840
7066
7037
1263
7584
4107
6371
6512
2687
631
4171
5449
1419
1471
6358
1225
1159
6730
7090
2619
2503
875
5810
4213
6837
7531
4930
2404
1034
7321
1693
1160
4468
7458
5919
260
6387
2589
6725
7398
7976
6585
5506
7431
8132
6887
6112
5649
1682
1459
2448
3544
4403
1293
397
5855
7062
5470
2025
2069
7550
527
5587
3659
7574
3523
4499
2049
4434
3599
7957
4407
3713
89
3241
6850
2774
7831
2113
3979
199
6496
5295
3413
4674
154
510
5666
2907
7736
1132
4862
1025
1134
7618
6790
2268
3258
4620
3285
1410
8089
731
1913
3981
61
1454
4331
2598
4103
7315
5315
3590
8144
5235
5991
1849
1952
2563
4055
5627
3922
1843
5839
3377
2760
4590
5007
5965
5352
2254
7474
1797
394
586
6252
4191
5286
7187
3020
1306
7420
6275
6491
7233
1669
2554
2447
5673
2454
6954
4524
3044
1353
5744
7402
6032
3807
4870
696
7014
1009
7815
4965
4210
4679
3090
1444
1276
2052
7884
7835
4665
5894
6207
6408
427
7437
5583
8041
5874
5218
2850
3145
4219
6926
1350
7583
5979
333
4294
740
6618
7929
5148
827
2191
6036
685
1139
8067
5053
6897
5404
5624
5737
671
3645
6971
1974
7348
3132
6575
7814
7894
1349
2666
3589
7528
5098
3997
1736
976
3532
4920
4374
3344
967
5410
2420
2274
2033
3103
6140
4582
32
8093
4328
3594
7581
172
252
5140
7900
1984
6843
2133
1692
1416
2332
1215
4442
1642
2238
2548
4798
6204
2055
6818
5599
3656
6480
7055
6624
7004
1376
4467
2924
4020
3440
7009
997
6300
1711
4673
7200
3139
1677
2326
6640
885
7580
197
7329
4663
6121
108
4466
8109
5520
6234
5933
5319
1118
7565
4099
3061
4690
6598
2549
3581
4120
5548
2923
6214
8122
2651
6
1014
3623
5881
8181
2868
2496
4417
3271
2780
6415
5989
5598
4681
4032
926
5305
3092
7345
1670
4562
31
7326
5206
4900
5916
7222
6050
6794
5966
4185
1629
3781
4922
6836
4234
3350
6100
5833
2501
5758
8039
3681
5079
5479
4349
1616
2944
4310
28
5558
3188
4746
3488
3319
2752
7294
5092
7964
6011
5730
6133
554
4036
6109
2028
5245
5314
7561
5158
7897
3334
5908
5154
1278
5191
6380
7342
6410
2213
8086
7507
6287
601
6679
6357
4959
82
2862
2167
6539
5800
3368
5611
7369
2487
1245
3785
6823
2124
7771
1389
3826
4180
371
2218
7146
807
7212
7837
3461
571
2909
548
5380
3624
161
1344
4154
5818
1324
5656
762
3292
5209
5643
2259
4956
2493
7283
4326
1701
1943
2735
2204
561
613
5727
6804
4286
5396
3016
3833
4190
4568
6035
407
1380
2432
5349
6021
5844
6676
4556
2209
2915
4994
6060
8028
3215
4596
3274
1411
3961
6469
2126
5000
2700
5865
1821
2119
4996
5789
2000
6912
5413
8153
6977
5099
3298
2593
3537
6238
2035
7680
7115
7320
594
5127
5999
1356
4744
3633
4763
7428
1213
4966
2146
3763
4313
1331
1135
8058
1131
5863
3610
2958
2537
6155
3282
1970
948
5883
1689
5885
5582
2502
558
871
1864
3252
2632
7811
818
1529
368
453
6631
4894
190
6163
8143
5597
284
4050
5766
4329
6675
5930
5023
7247
2805
5430
6863
2249
7273
7010
5674
1414
780
1819
7088
1910
7834
3684
3095
7560
8038
1898
1931
6718
2323
3789
4481
4750
3191
1735
3700
5856
2112
2704
4065
7465
908
1751
645
378
126
8076
42
3935
2617
3138
6946
4753
2352
1604
3276
1311
6752
7252
5292
1247
6502
249
124
3172
1189
5446
4444
467
4626
3108
2082
1064
651
3791
5342
6881
8092
118
290
4398
498
4300
6886
1056
350
2241
6396
962
3543
745
1557
226
4093
5222
1067
6099
2287
5626
7898
1572
5431
3666
3192
2701
5169
7570
2128
5256
7226
1991
2010
493
4816
6455
4837
1435
2864
3510
7163
5718
4589
5229
4277
6936
2893
4480
3380
4408
1633
7657
4394
3474
5426
574
5845
2188
6088
5002
5907
6162
7571
2060
7450
791
1237
480
1665
3507
367
432
5219
747
6660
4201
3843
4105
3033
813
2561
328
1037
4353
271
3631
5441
1050
3237
6253
5797
3654
201
6034
4296
2211
7365
7630
6556
8024
702
2472
280
3147
476
6001
2138
2565
6022
1065
2132
6509
7728
6610
959
5552
2488
770
3480
6906
4118
4564
7508
6979
7480
4172
8010
3203
4785
7993
857
1062
5345
6673
3675
4290
4576
5893
4762
7401
4260
4387
247
2386
8055
1286
1638
6860
8014
4268
2656
797
3354
2829
1035
4709
531
8048
2461
7097
6545
5333
4371
2569
3420
2443
2611
2888
2233
2664
7188
6131
6798
4104
70
7201
998
1218
2597
5953
2667
6428
2683
4694
563
3701
2290
3929
3720
2983
6075
3117
6681
640
4742
6564
7994
1102
399
6803
4031
4715
2063
6422
6819
7209
4700
6116
6814
2962
6528
7601
3032
3297
2518
3805
7225
2788
4359
4157
1374
238
7306
7489
5629
1811
4610
1092
923
7935
6277
3367
5963
5076
410
6649
812
4470
5581
2176
5854
876
1673
2143
547
5178
7391
4312
5251
643
596
6506
1780
5269
1420
7106
3539
178
4836
7750
3986
7130
6614
2324
1801
7821
4899
4043
7745
3485
3704
5534
8071
4460
1546
6538
3949
5945
595
2101
3336
1649
67
6117
4358
6310
3118
7533
3990
625
3307
5044
7902
7909
4737
4789
3486
6857
2882
3755
52
1554
2452
5701
5663
5259
45
4430
983
2479
8003
6118
2585
6361
4448
5284
4685
4516
2314
4305
3370
4440
4242
7330
4937
5160
4760
2521
3707
2473
1072
7886
3638
4802
1149
4505
6328
1335
2070
5215
78
6885
6030
5419
4635
296
3017
3447
3294
2306
5398
6152
5485
150
7604
737
39
3140
2202
3804
2227
6520
6402
3052
5208
6138
3943
6296
2756
3182
3736
954
3962
2904
1185
3401
1214
7796
1409
2131
3012
1041
4829
6440
6964
3382
6980
8026
2353
6058
3446
6634
6931
3551
2751
6365
7477
1765
5861
4025
7828
5866
3482
748
7495
1060
1688
7541
1877
7903
214
845
2074
1275
3930
6346
810
3269
5322
5926
1535
24
730
3503
5012
416
4502
1788
4378
3456
2840
385
8179
6527
6017
4528
5562
3437
5502
6071
971
2173
5607
2283
1466
6751
5768
390
7975
1754
8128
5277
714
6914
7248
5478
3664
2410
5586
4160
4079
3220
951
7393
3925
866
1221
3165
5026
5753
1648
1369
4265
2110
3412
7221
4396
2364
4034
5190
7883
1758
6223
5108
2761
8019
7668
6764
7382
5974
5384
2841
5806
7360
462
4428
5123
3606
2456
6224
825
1872
4161
7005
2214
5785
7612
3372
6716
1066
2099
1599
3340
4594
5161
4902
478
4364
8015
6813
1219
3389
7170
2292
3933
5696
2505
2187
4024
1756
4085
6558
4907
3854
1979
2772
1443
4962
6217
1484
6055
4755
5686
3695
4380
1224
6834
4128
2670
7013
5653
1106
6623
6237
1746
2583
7071
4044
6969
2703
969
1047
1147
5720
2100
7434
721
7967
4414
6733
409
4612
6560
5609
6476
1853
7790
6888
7255
4649
7866
2522
3459
7792
34
6338
164
7210
5041
1804
692
8107
1839
2295
5576
5125
2794
7064
4924
7891
4246
3107
189
996
2702
8007
1142
928
2054
6307
1173
5580
4702
7596
6333
633
752
5938
6505
2457
6760
2039
2206
4338
7103
2963
255
641
1138
7241
3047
5898
7952
6547
1982
8175
5567
2693
6546
65
4220
2636
919
2886
5252
5932
1031
6475
2220
7195
746
6956
4723
5084
5942
4323
3895
7705
3430
4388
3225
2466
7424
5183
6629
4498
1090
441
4915
8060
900
1434
7039
1761
3560
2248
4472
163
2051
6370
2219
4342
2144
3876
1032
3303
5807
849
6102
3059
565
5361
7155
2974
6458
4550
5924
4156
5608
4758
6955
5071
2524
3649
5590
1083
7388
609
4745
1162
5542
1771
3965
2748
2990
2394
1308
1274
3127
3602
3323
8184
4923
6952
7727
2419
5463
7436
5233
4945
6656
4401
79
5266
1086
6947
6119
4603
828
3764
248
3538
4903
5564
6356
2261
6726
3345
3327
6401
3784
436
6702
3856
7823
6958
6492
5712
4
344
910
4811
1143
4345
4162
2918
7959
6258
4654
5364
2919
3882
5713
2008
5093
1964
864
4606
2930
1299
953
332
7826
6775
3460
5957
2836
7905
5386
5126
456
5054
3562
3399
3082
2938
2407
2795
3612
5728
1950
5201
7093
4251
1182
6742
2797
5513
929
4202
8095
7293
5265
7061
3993
2793
5819
995
4774
177
8079
1713
7280
5174
1431
7858
5870
1866
816
2034
2749
2695
5378
6165
6488
3779
6086
3859
3027
4035
5336
5432
6242
1587
6197
3609
3267
6617
986
7236
3999
2182
7464
1227
97
3081
3396
892
6728
5344
611
1498
3758
3088
5465
4112
2363
1273
7553
4297
6473
2085
153
6579
3248
5192
7887
6029
1870
4405
5697
3201
43
4457
2043
3464
1301
5425
7592
7008
6884
1959
623
4393
4569
1318
1438
3077
4795
7564
4203
1776
3501
1930
331
4224
5936
1558
5736
7805
5657
6514
5353
4397
632
2030
3261
3808
975
4644
5274
396
3170
734
4587
774
5254
3923
7793
4247
8065
99
7179
7913
3820
2277
5922
3404
1365
4873
1091
4601
5796
2607
6394
5214
7947
4109
3421
4536
1373
5725
3239
5722
3187
1644
8183
2280
2949
1240
2125
4643
2289
6267
5906
5095
7358
2953
2753
1169
2117
8185
2066
2861
6835
2286
4632
3831
110
1220
7669
6600
1850
1609
7949
7197
7504
5066
1625
6127
7786
6537
7019
4731
1140
4537
3772
7640
5828
6963
676
6490
6024
1254
5466
471
6796
3320
3134
3418
7266
1126
4841
4889
8001
5510
7978
4475
607
1976
3126
6332
2340
1658
7620
5889
3253
7253
1460
1844
2439
7534
1178
2848
6738
4385
2390
725
6651
8118
1710
5778
3796
179
7933
5096
4854
844
7720
7394
7057
2088
5065
477
426
6626
1309
1084
7176
846
921
3565
5189
4804
2014
7615
4130
8097
3250
7271
5798
1738
3144
7074
4238
1097
7791
6067
29
8108
1651
4609
7716
6916
3948
4464
7684
1889
2192
308
5230
6989
5501
5493
7989
4119
8131
3362
2242
5420
3450
7638
2228
4046
800
5482
1061
7025
4583
130
3718
6868
4001
1755
3227
4412
2754
1994
6821
7588
7885
349
3462
3619
6664
7544
4876
6073
1556
4175
3152
4274
5971
1614
1906
2946
5395
4800
528
6123
424
6639
362
6879
1448
1209
2339
7774
352
4778
6765
7830
5962
3246
753
6962
4192
4689
6183
2468
3230
2194
2885
3855
402
4523
3908
142
3496
2495
4822
7634
1223
4883
4827
4552
2275
539
4973
2957
3400
6811
4258
7914
6737
4765
6130
302
6732
6315
117
7552
2720
2758
6592
4512
8080
6923
6192
4773
5920
7984
5196
686
8032
3655
2740
4096
6398
27
1316
2662
2956
1752
1197
6965
6562
6840
883
3309
7662
4166
7969
5980
2796
6910
4987
3018
5849
519
5166
2020
2175
7029
4508
2325
5750
5067
683
7113
7208
2189
6417
682
7338
2313
5743
6690
2152
1923
1725
809
7699
7173
6507
4195
5779
7230
4453
7262
7965
2584
2782
7806
4228
5998
288
3622
2981
305
235
5677
6774
8057
8088
6157
4819
5436
5156
4307
3478
1510
1617
1907
940
7719
6829
4806
6607
1003
7784
3754
1608
452
2959
8160
2743
5033
2905
1800
7563
76
114
4003
264
1346
7658
4521
326
8148
1884
7764
4295
5813
287
7119
1640
1715
3628
2365
1990
4018
7753
3042
2661
3211
7427
7166
6427
4868
1486
1536
5606
5104
7101
4761
3491
7692
3883
2977
6336
3992
169
858
5399
6343
4734
5443
5077
3542
4769
2814
7600
606
5299
3442
5610
4212
4049
4980
4617
7328
5704
5788
3912
7971
4716
3687
6209
6101
1354
2197
6667
6844
2470
4615
3247
4975
4421
7760
2092
2541
120
4952
375
3748
5553
2912
7091
6436
7664
6655
3899
6108
6993
1186
5947
3582
444
5258
911
6173
6208
2095
4432
442
2510
3102
122
2658
2770
2529
4826
6314
1708
7710
2692
982
5500
5287
542
1051
6481
3355
8168
2791
1905
222
5276
1499
5872
6326
5249
2996
2478
2406
6981
3444
6691
3780
5738
1630
3339
1897
4979
345
5058
1972
7180
6523
5821
3233
6337
1721
5094
7153
2451
5715
11
7614
3639
4078
1399
7893
8034
3037
3579
7766
2800
4204
8052
2601
4946
913
4780
5290
7726
8016
5428
6193
3518
92
2545
8063
5232
4029
941
8119
1806
7313
5270
2168
3578
3053
1888
5540
839
5925
6298
6700
4188
6601
6807
2392
395
559
1787
25
506
6053
7316
5518
450
73
285
4406
2778
8106
8004
5009
72
4579
1731
7621
1639
8162
6213
7085
5678
4272
2059
1912
1496
1726
3206
489
1954
4549
6825
7892
2714
2676
3332
980
131
4608
1515
4141
5244
767
1514
6511
1842
1446
2491
801
7890
2571
1198
514
3630
1229
8129
353
2344
2820
7035
5721
7454
3625
5622
6111
1516
7334
470
1657
5533
949
716
5639
2343
2065
4318
3463
2036
5634
2062
1595
2668
2866
2926
3721
5042
3133
7912
7607
7996
2002
4008
2815
1463
4955
5317
932
7681
6876
3576
7666
4360
6822
2744
8053
3352
3738
2984
7277
2587
3244
3861
5438
7803
6791
1043
2477
7291
2475
5977
1038
4493
6393
1367
3749
5282
5138
6957
7788
1319
652
5013
2079
1928
7094
6386
2582
7479
2271
3875
7042
7400
3509
1261
6603
6892
3683
880
6232
6577
566
7594
3928
4379
286
383
1570
2916
2998
5871
2910
4125
5136
3068
2802
6090
6709
3075
267
6171
5029
6586
511
2023
7121
2679
6362
3301
2001
5803
405
6991
2380
4656
55
1600
795
1109
1824
3021
4146
5648
1153
1330
1868
617
2551
7817
4183
7546
4419
4917
4439
6682
7487
6239
5782
3891
6077
4197
2913
1601
3547
5498
5331
1681
1875
1165
1094
1705
173
1340
3978
2972
1506
403
2951
675
6136
1944
5416
713
3614
5646
4928
6049
1351
4711
147
7385
7519
5685
4522
6593
429
3004
4095
4580
2863
1110
6463
5433
4187
6772
4646
2552
4957
2603
4693
733
3939
2768
6833
585
7052
7637
2645
156
1476
2682
7440
2564
2150
7844
2508
3994
3407
98
7921
5238
7181
398
7038
3534
3527
5021
6686
2279
2920
5786
4048
4718
7797
4985
2096
1412
2643
5969
2881
6013
5705
5911
4278
6019
1575
3242
3680
5377
6809
1989
309
7184
647
5954
315
4254
7131
3863
7990
3967
7595
4263
1396
6367
4072
3257
7270
3162
4527
4605
3690
5568
4860
6182
3056
422
8096
2891
3586
1945
4478
7154
722
5815
2925
7034
1321
1103
5671
369
2982
4647
2762
6684
4659
4017
3918
68
7314
1916
4992
486
7254
1339
4174
1706
3279
3816
1010
2578
7880
1133
1386
6334
1078
1478
4343
6236
1919
7098
7359
3834
3751
4181
5773
7302
7762
4259
5043
4155
5527
4849
7526
6620
1266
6638
2789
6020
6669
3113
4200
1465
3600
7207
4368
7286
2979
1690
5362
697
879
7724
7759
3174
1124
3632
5912
1490
5224
3677
4275
7072
298
4809
1588
6680
3686
4000
6485
2381
2857
1421
4897
7303
1477
225
8117
496
5787
4506
1882
7888
2613
3617
2746
832
3181
440
3836
5144
3353
3811
2713
6719
786
1345
3287
5566
3499
3913
5391
5959
6968
1195
7100
7455
1585
6150
1770
3719
6525
847
843
3483
430
3715
1242
5268
6896
2634
2294
3260
116
5018
6650
8163
2471
2482
5603
6016
6831
2372
1426
821
5340
1472
3651
1256
3757
6877
6889
5063
4392
2609
2591
6327
5417
5799
6800
8031
6161
4852
6987
2648
3968
3228
6045
1786
1360
7347
4395
5414
7517
2009
6801
2629
504
2689
3438
243
5373
2945
2961
5812
3349
5547
8177
5489
2568
3255
3150
6042
5074
3184
7244
1820
5072
5761
7642
3151
7411
2405
784
3555
7527
2875
763
3341
1255
7631
6776
1469
8008
1181
3076
5472
7340
4441
4283
6930
5524
7429
1297
7341
5423
1314
1201
981
3621
4791
6894
6945
3533
1096
2734
6156
1123
5596
2937
4939
6363
1925
4071
5635
7215
735
5213
4365
5415
6948
5134
7901
6446
1129
4951
2855
4993
3142
3892
244
4333
3782
1613
1973
7700
41
2490
6882
7789
6135
1551
588
867
902
5886
2718
5595
5934
4724
4282
3955
2298
4831
7333
3043
2858
8011
7364
3573
7165
4497
1687
1602
534
5543
1949
1965
6006
4912
7377
3741
8110
4651
781
443
7087
4319
62
363
3524
2281
3403
1087
7104
3066
3397
7499
387
5650
3723
6096
4285
5081
492
7193
960
6734
1020
3577
6761
5164
2993
4850
1232
2361
202
3869
219
3957
549
3530
6322
3848
7189
4106
793
1054
5823
4782
4463
3359
1980
4287
3111
5574
7354
6164
956
550
5688
3025
8157
787
7468
865
5939
6178
5360
5860
5741
7068
1920
749
7205
5660
7007
5234
3514
4591
6773
5613
335
8139
2267
5075
8135
1793
7939
6677
4972
6420
7331
448
6580
6551
1423
4696
3731
7850
1495
4906
4177
7459
6413
6014
3263
3910
7881
7856
5318
517
1211
6671
5149
6722
2123
2533
4433
4944
7463
7535
4111
1130
3728
311
4935
3847
5350
6306
3041
6250
7690
6059
1650
6755
530
6188
2320
5880
2178
4660
6202
4634
3288
917
5383
2639
6482
6783
4082
4339
5339
357
7682
7148
455
952
5817
4756
4547
4631
2499
7304
1326
5601
1230
1867
5145
6015
4126
2890
5857
3566
7709
6285
2342
2032
7932
2169
465
6746
5194
2312
3888
6827
3575
556
1517
1759
278
3517
3395
2906
5073
7415
5985
5030
1851
1879
5070
2994
7136
3657
6297
6063
1794
2111
1269
8056
3124
878
4727
15
3867
2557
5159
7746
4861
5588
6747
6487
6806
3744
5903
7476
1079
5495
7557
7819
5675
3572
7794
4227
7116
805
2038
1986
4027
6247
1456
7917
2936
3548
7679
4535
3455
195
3270
7540
3487
1042
5203
2395
3183
3522
7077
7740
2223
7435
6194
2165
4167
873
2669
1253
4857
2127
200
7183
5473
6750
2170
775
8091
6653
6211
3328
3116
228
7190
4749
7353
4030
1908
6812
230
3080
4706
3363
688
2046
7650
5347
5735
4880
4490
2847
347
5180
7951
7145
2512
2903
7164
743
4402
5775
2929
2677
1401
7137
6763
2047
2681
5804
7185
1783
5456
2507
6270
2644
7532
6582
5937
6153
1885
1208
6404
1320
6348
7084
3266
1659
1128
5195
5585
2590
5605
1728
8043
316
5248
1769
7040
922
2546
5359
8123
6683
3652
6570
8164
7114
7936
5376
5892
4289
3797
6848
80
5988
8103
7505
898
1574
127
1993
6611
7559
6388
2409
2523
2163
7161
6699
2355
389
7609
7648
3615
4484
7036
630
8116
6668
2492
7702
5707
909
1581
246
1594
1111
211
6441
5668
1862
4823
7308
6720
5418
1834
5060
513
7511
4845
2624
7741
5864
2137
1596
4676
64
2291
5323
2121
3157
5719
6257
4330
3813
2285
5901
1474
3926
5824
6272
7644
4308
210
4236
423
4726
6743
8127
2610
3251
334
6191
3889
4117
8082
281
1074
3364
6984
2224
5739
4577
1591
6462
3115
7407
6616
187
5393
1562
4266
5152
1883
720
1727
6459
4858
431
7518
2316
121
1236
6645
325
7776
3890
6901
5573
3839
6375
3316
5994
5709
6557
5170
4145
4363
5113
4196
3011
5231
5102
3629
6166
3310
5297
3164
8159
7390
870
1481
2822
620
6279
3436
4047
6893
3770
4808
1918
7920
2876
4193
7879
2745
303
2266
5328
1063
1368
3521
5176
3627
4415
6779
6040
6925
5862
2086
6205
2349
7569
203
691
2659
4214
1483
4695
4487
663
5109
4684
6308
8077
3709
7744
841
8124
5695
4592
485
7433
6495
6595
8191
2547
7389
7714
2763
139
3725
5411
7192
1854
2833
474
4327
3608
4194
1623
6278
5935
1468
1900
7610
7871
4344
1427
5765
38
7673
7049
312
7139
6999
2107
6622
1547
6305
3093
8099
5837
4189
8023
6578
3626
7851
5471
6311
3870
3435
7677
5147
1313
7824
5272
6903
1408
6941
3383
3942
5792
2845
4781
3256
3084
2345
1967
2939
1847
5447
6352
593
2156
8170
4856
2162
5490
4019
128
1305
7086
905
1799
5483
925
3148
4602
1413
7854
776
3837
4983
204
7372
7405
420
6230
5873
7619
4725
4152
7749
2608
3131
5984
2376
6321
6530
4476
7414
5051
5040
3570
5240
1528
1235
6867
2706
2880
4169
551
2604
1450
1190
938
6696
3909
5842
4540
1323
6870
2449
1406
7466
5783
4532
4007
2874
279
2179
5710
6007
1507
1019
637
874
6033
1622
1817
5967
2413
1117
7785
5507
3519
1384
6943
4783
5571
5698
5565
5763
7033
224
6569
570
6076
3472
2278
5615
1924
7916
7955
372
33
266
7873
7689
1141
4513
2950
1886
1647
7982
5262
2094
4389
2859
6678
7825
3769
2790
1081
7958
7242
3559
4317
2899
1619
4555
988
291
2976
3006
1280
6286
2809
6665
5105
5062
8021
1550
4346
4496
6215
5241
3158
2694
5228
3812
7945
7842
2844
2543
1798
6159
7512
6904
3121
7081
7503
3766
3618
2986
8083
1605
5468
4137
6203
2997
209
2391
7730
2799
1829
5760
2811
2827
6839
5150
1734
1663
3013
4905
3513
4315
4217
71
47
3747
7147
4948
4771
7177
4108
8145
8158
719
1656
3008
7575
7422
3802
3850
3306
4799
2115
2871
7282
7997
3374
5135
680
3229
2335
1921
6672
1202
2387
3321
3970
1049
5327
5676
143
4336
7323
5246
2208
3851
2430
4790
5454
4482
6210
5022
1856
1610
5619
3792
3974
6978
6995
2716
7925
2061
4639
7867
323
5504
8051
5401
5091
5955
6429
5572
2003
5004
137
6663
4941
3028
4110
653
3449
2595
5050
1101
7812
1122
6633
1046
36
5403
3414
6544
4645
4950
7678
437
4885
3877
619
6273
4255
3204
973
4784
920
7809
4777
6658
5064
5434
5670
4233
2371
6301
8045
5895
1033
1699
600
3338
5078
3865
4971
3451
3268
3727
5351
5131
2515
2556
4337
915
8040
2196
2351
2004
3585
8169
6838
1442
7981
7445
5497
7985
6757
7635
3265
5038
2737
701
8061
2171
3506
5672
4014
7655
8075
3078
4252
6120
6739
2357
4970
7783
1845
7695
2
3568
6588
194
3039
1151
2247
1249
4683
5046
3105
3213
4531
1878
1569
6871
6190
2641
4739
4517
2626
5914
7461
3919
2087
6330
4262
5913
4057
5509
4121
5640
7875
386
6541
3324
5970
636
1125
466
5843
5114
3110
3366
4932
7950
5557
6443
6706
6074
2516
30
8005
7186
7287
7522
4909
3793
521
1672
5732
1404
1750
5005
6005
1802
458
4779
217
2160
5793
6143
6465
5115
815
852
7721
3424
6453
991
7908
7083
6851
3825
7249
2015
3163
5632
575
6975
8069
1981
370
7317
6998
7846
8111
7999
4418
5591
4081
4449
582
469
2731
8149
3371
4366
2729
4450
886
660
7698
1116
1497
3429
4115
1337
1422
6249
6292
2321
3091
6078
4416
906
1053
4076
7598
2441
6911
6299
1400
6852
6280
7734
6486
4796
822
4324
7028
8020
299
7484
2818
1511
7605
5366
3083
5519
7839
5616
4341
18
1606
1388
2347
7927
5267
4892
1680
5294
5516
3232
2830
4735
6468
6748
4708
4828
3167
5385
6891
307
6590
5876
1791
6199
4801
1933
3977
8072
6471
1158
5451
4650
434
2435
5706
220
700
6065
3089
4437
6079
7848
2193
4151
3473
1203
1733
1632
2544
3660
4235
5950
7661
4581
7529
850
5546
1942
4573
1612
2022
404
1679
3209
2647
7496
7289
6913
6432
5296
7548
1264
4232
3189
6561
4772
7396
1200
4356
568
1028
8017
2654
2106
1244
4786
546
6097
6000
2135
1315
863
7659
162
1272
2057
4182
2354
7725
5354
5309
1082
654
7191
1077
7942
6466
610
6533
1586
5745
1810
7816
3411
2027
7611
690
1571
7836
379
3945
6452
1298
6124
2141
3054
1251
4163
7118
5106
445
6350
6613
2872
4618
529
6970
6128
7027
2559
7966
4451
1779
2917
3879
6559
342
133
7674
77
2673
8137
106
6928
3819
3055
7099
3293
4270
2526
6145
6808
4677
8150
6409
1184
7171
8172
3864
159
6264
1598
2217
5733
6379
6148
6878
1179
5659
3857
7441
1366
1717
6142
2358
5488
6319
4986
7488
5141
6454
364
1378
6830
7204
5363
5111
4613
3196
964
2118
3419
1987
295
3286
7216
1716
2779
1618
893
8030
3186
3729
1154
3512
5652
7641
4624
736
2535
5694
6500
1838
2843
5255
4122
411
1217
3231
7134
5402
3966
7275
3801
7399
7810
8186
5460
4431
1635
2256
40
6988
7602
1216
5480
5904
1563
1392
6504
5517
4245
5899
2854
7026
297
4714
7006
2873
7748
6474
4375
1544
2174
3692
7043
95
4276
3982
6340
6051
7998
8165
2161
4136
5508
3500
5921
4288
3428
218
3902
6479
1621
2675
1697
4526
6944
8167
5554
2504
4584
7311
2229
6467
2727
2722
7723
785
6151
7849
3603
4332
1013
6225
5724
5291
1055
5537
602
5948
4445
7763
4284
2369
2968
5949
6715
2625
8142
6853
4509
2199
2710
7483
4037
895
3644
5592
3023
5302
899
7392
4473
2642
134
7449
897
6382
6608
5875
869
5467
1070
1538
171
7373
135
4399
2947
7555
5387
1234
1501
1661
7986
1458
2528
7267
6602
6376
3277
3558
4454
2530
3607
7538
6391
8104
7855
4871
7073
4597
5846
6924
7351
2021
5325
1858
1259
7301
3896
7102
7688
2817
5422
2519
2029
3212
1767
1766
6983
4853
3959
7756
5481
5618
5032
792
3038
6227
1603
3494
393
6845
8085
659
5484
6992
5406
2328
6457
6771
1564
3980
1541
212
6037
4815
823
461
3479
7777
1956
5589
7808
2810
545
901
2536
392
6587
5569
5575
2071
3708
3153
4351
1549
6383
1983
2307
7703
8180
5612
6186
2784
1023
3125
537
4309
1121
3971
53
20
1523
3958
5146
5511
1277
4904
3554
4446
4423
275
2940
6745
2414
4830
1099
7011
7767
7877
6873
3130
658
2465
1707
887
5198
2216
7577
709
6195
263
2041
994
835
6061
6141
621
1001
3860
7523
2514
3956
603
2245
3674
5263
5808
3822
3845
1524
3915
4542
5019
6996
5816
3199
2322
5689
1775
4554
3475
4471
2293
904
3423
5217
5153
5382
4465
5692
5825
5207
4637
7381
2765
2302
6062
1362
2742
3417
4056
6080
4557
1504
3759
6460
661
3920
2948
1911
2346
3773
7556
639
1873
3240
2237
3698
5285
1155
8112
4438
520
2494
3392
1157
433
4216
360
7339
5752
5867
2097
877
5515
1231
2016
4292
7446
3315
6953
5811
4757
3379
1265
3694
1226
5853
3730
3135
51
7092
1333
8176
999
2652
7178
3827
4738
8151
3026
1565
667
6451
4199
2031
8098
6028
6435
1747
5748
3952
5604
2728
1785
4390
972
3706
4059
7239
4893
6039
3375
3405
2650
1292
7895
552
1796
2879
5370
7157
6524
4810
1030
2064
6433
7980
380
2098
505
6938
2852
5275
6304
6025
862
7471
4510
1676
903
6266
5687
3331
6378
7142
3828
4847
5059
3916
7374
3583
1955
3635
6554
2072
963
872
5239
3245
2334
4006
7515
5110
1291
3468
3223
6769
6246
5237
7065
329
1678
5371
6883
5836
4640
2927
8174
5882
2733
4933
3034
7000
4910
5250
351
1615
5223
5929
1167
6068
2393
6849
1533
6858
3762
7857
5243
1660
4934
2867
3177
7937
4518
7122
7624
1361
7646
167
4767
7622
2896
6927
2462
1894
1328
7015
6985
3347
2431
5690
1112
269
4206
3678
48
532
7309
4686
1105
3284
3497
1580
7023
1250
3378
3477
1016
3737
3048
2389
3051
3149
4041
6701
23
6605
4222
2902
3552
1433
317
8101
3356
3207
2638
2253
6212
543
4619
3580
7536
7332
1352
4054
5177
560
3897
2819
5372
3402
7946
6661
7357
7263
6576
5644
6864
2869
35
261
3906
1772
1628
1267
2804
6694
3129
3670
6654
4303
1432
6786
1946
760
3278
4877
7545
5452
4485
3745
2045
7337
2878
7778
8073
3120
10
6918
1005
5427
3998
5809
3357
5538
2935
3528
5278
7961
5838
3119
6986
7403
7256
5790
499
5047
945
838
3768
5764
6302
6900
339
6521
2341
7168
4127
6584
2531
6513
6478
756
6934
6351
3005
6563
4901
3333
259
277
3849
2596
3031
7132
4280
1508
5151
1336
7629
7907
7852
6636
6758
5594
779
1686
5348
2157
3489
5625
488
7712
1348
4898
3620
4150
6816
2736
573
4879
5133
2084
4410
7237
664
2375
4574
233
2705
4832
1088
4989
5003
457
3441
2622
8125
1852
2995
1015
7355
6103
7649
4002
3591
1473
6875
4968
1537
6439
2318
1790
4340
6403
955
1753
4261
256
5412
3346
7804
6828
758
253
3085
3662
7202
3732
6167
978
2158
5549
5614
7787
2757
3862
3275
961
3
3917
7363
7738
8173
2685
3776
3425
5082
8134
3711
2230
7408
5654
4997
3128
564
384
3358
5024
3154
2849
5211
2246
254
6646
5711
5995
1288
5001
5124
3289
2955
1576
5052
3561
491
2396
3985
8012
3099
7335
301
4720
5505
6477
4205
1006
6698
3024
7031
4244
3202
1212
1170
5512
2660
2719
4925
4256
861
1895
1542
6542
6972
5751
4748
4229
1840
5442
3743
3953
757
7490
6940
7203
7475
1896
3688
7530
5227
57
7135
3190
6219
3283
1441
5781
2429
6909
6697
7217
1589
7444
1724
3087
4321
1583
1741
5280
2934
7567
8102
5137
3557
184
2384
868
5408
2226
4250
2767
2649
1947
4113
5952
1848
6104
2370
5617
1784
1488
6081
7520
4066
5444
4895
1940
4279
2553
3531
5993
8190
6216
2932
2764
1332
1833
1176
5978
6994
7960
6961
4999
635
6689
4301
2572
4869
123
6064
4143
6710
557
294
6450
2717
3777
6708
6637
6268
1196
6609
6643
3673
3676
6229
5699
5226
7194
4707
6115
1714
2269
4638
6231
3984
678
4666
7573
1773
454
4386
6245
1303
1258
5193
5900
4846
5346
6366
5667
2288
6612
7096
3208
6407
1175
5535
1385
7227
5827
145
6534
538
4209
3226
3658
1929
5972
5475
111
7625
4381
2225
2330
94
5260
4775
4211
4092
2574
1593
435
509
3001
7307
5536
5532
366
2853
2663
1449
2398
3445
6749
3634
2221
7930
3643
6354
7324
1932
5298
1026
4963
2109
412
1704
6519
2258
2114
4455
381
213
6553
3823
1437
4553
7934
1869
3964
2921
2426
7059
5682
833
6052
649
657
2832
4687
2672
4855
2900
4135
2581
4908
3832
5851
6841
4886
4929
1491
6695
4566
4588
6027
583
1
717
6070
4382
614
6251
4028
6762
4728
6248
2560
7312
6526
2244
3853
3427
7859
4851
3030
3481
1927
3299
3003
6510
6012
1548
144
7704
4087
7151
891
5381
7196
6713
2730
6369
4149
3112
7755
2500
2005
5100
7715
6026
1611
3671
4269
0
7639
3640
4629
536
6866
2801
7872
853
1764
1383
5944
1455
7654
7409
7717
6641
2813
472
6137
7896
5658
2056
7494
6727
7970
7375
5681
6069
5747
5185
656
1865
2104
6084
5068
5355
1271
628
5990
4572
5602
1180
4655
5769
4237
7143
605
6254
6187
4803
4243
2026
7940
3361
4864
6935
5757
7383
966
6974
4770
7285
7773
4984
14
7711
3699
698
2592
4306
7765
4616
950
1543
6418
2232
555
6648
4068
5139
2186
6905
3079
2142
3433
4080
2397
1636
400
7406
6921
7439
7775
5199
7768
4710
3668
6583
3498
3995
6950
817
3824
4176
927
2699
3526
6859
1493
2012
7747
3123
7606
6169
1487
273
174
3911
4653
7211
1667
8062
1809
4456
7021
1520
160
4953
3161
533
5559
3873
7653
8114
5665
6406
21
914
3214
1573
798
1241
6083
3947
6158
115
1022
1136
3806
742
468
60
1425
2897
6731
2011
7030
460
5902
4890
2620
6325
4264
703
808
7421
7272
4022
2895
3262
4098
152
2657
5794
6536
3156
1347
1532
6632
2980
1584
7298
1119
239
7349
6810
4100
6780
7586
3803
4413
5367
3835
3431
2311
5777
168
2210
3249
5703
1289
824
7264
2506
1722
7928
6784
7158
7141
6933
4426
1144
5784
3927
1743
4012
6777
5143
5494
567
581
7818
4843
7453
2078
3272
2120
183
2198
3787
1204
5890
5905
2315
5049
5216
109
1075
5435
1193
5661
2579
3000
3504
4132
7078
894
1294
7502
7350
7050
1691
587
4544
6023
258
7758
4599
612
4052
3391
1342
7995
2042
318
553
4678
3097
840
1489
4691
6550
715
2943
1739
186
5669
6729
3200
4866
5163
5392
1270
7447
3937
3574
1795
2798
3829
2696
2908
2105
1957
3746
2172
1749
8081
198
2148
3987
4776
3842
2511
1830
6174
3325
4062
2234
7761
7352
4682
7397
1720
7174
1246
5087
4824
6797
2108
1464
6847
1076
4370
4570
1881
2103
2083
1036
5897
2615
6043
7260
421
3304
6574
7067
227
1607
3508
3989
4888
2960
6281
6793
7551
7988
6571
2272
1887
4878
7012
6670
1011
2621
319
2164
5976
4764
6959
6110
684
5225
6915
3584
3071
4158
6714
7069
4538
439
54
7117
6449
655
6200
1662
597
2671
6723
2147
8059
5642
3259
3502
1825
2769
3932
4074
1527
4023
4391
1382
761
7987
5746
591
2356
1485
5330
6057
2301
1668
7417
4658
5313
3009
1962
5545
5756
2019
4964
943
7718
3697
572
4875
5561
1008
7591
7647
2476
1818
5754
4991
4186
1823
2437
8068
7627
4722
2739
6196
3663
5116
642
2377
417
993
4005
2969
7224
576
705
449
3525
6125
4124
3553
7425
5868
7799
125
7874
930
1624
2273
5847
6666
4543
944
6929
6865
4088
2964
4225
3914
1936
113
665
3243
3365
2975
6982
2688
8130
6160
677
7235
1855
415
4672
5578
6744
1017
4539
6335
6824
2336
8000
1113
6397
1961
1222
2134
4016
2747
3351
5085
2711
2483
2388
1654
1671
8188
1827
4239
8009
2898
5188
7243
7672
782
7274
3505
7524
2368
446
300
7
1146
5045
3588
7288
1698
207
6294
3788
3520
2691
7686
2139
1145
1317
766
2418
5476
2985
2207
4960
7841
1684
2674
1740
1325
7438
7076
3878
3050
8084
3101
814
2686
1115
3443
2263
4911
6872
979
3466
6318
3406
3951
5122
1283
6937
4042
8105
5356
3335
7919
5462
340
3887
6313
4839
9
5523
4452
84
2058
7862
5579
2870
7240
6619
7832
6106
5992
3767
3476
1391
3735
4949
56
7732
3756
3439
5869
1329
799
5202
262
590
3794
5424
1164
4533
6416
4561
6390
1813
3960
3171
1205
7214
2264
1748
406
6004
2467
7568
1002
6269
937
5662
7558
6652
7305
4874
4563
7722
860
2783
2367
3786
4461
4793
3136
6105
4039
7667
3408
3296
1652
5940
6501
1999
7697
4354
7279
502
7232
526
2383
5958
958
7257
1561
2520
4740
5708
6198
1509
4230
1525
2053
1457
1997
829
4133
6288
4009
5477
6856
6276
1903
771
7442
5173
7152
1695
7376
3702
6464
473
4281
2966
7120
157
2605
5496
1418
3924
4940
1694
3074
2856
6425
4891
343
6421
7138
8054
6919
1904
1917
382
5776
3194
598
5717
6976
2436
2260
6331
2299
2750
503
22
622
5011
304
6265
6908
5440
5197
2838
7779
4814
802
1284
3470
7770
5541
2136
1526
6917
5461
4840
3739
1393
191
5805
7991
2077
6516
4747
5
6185
5303
1857
2497
931
6221
257
578
3885
5429
689
4833
2403
5716
293
5684
7542
4015
1815
7979
1960
6493
74
7691
3384
2580
5931
2653
3569
4070
7924
5130
8033
6184
1899
3601
63
3726
321
1939
7443
2348
6869
7284
4969
5801
5343
8018
5458
4348
5731
2933
5288
7843
107
5129
7968
7234
6789
2265
1052
648
4503
5560
7853
5121
4990
1310
859
1812
8155
37
8
759
1027
376
1789
670
4311
7651
3062
4664
4077
507
1760
3722
7956
987
1475
5056
7366
5680
7941
3273
3946
2151
408
358
7752
7543
8152
7362
8094
3921
2130
4045
1958
4560
710
4026
6594
2252
4721
1876
3810
483
180
4425
4367
4304
5831
3963
6054
1871
5186
738
7470
2773
2614
2602
634
5474
3070
4585
7633
4797
6589
3898
1655
3541
888
5791
7278
5117
1168
6785
5236
524
3611
2697
1174
5802
4086
240
1837
5409
2759
5368
2305
1805
1968
2149
2442
5181
3178
3647
3760
6997
3740
401
4038
5457
3852
2177
544
5015
3679
3040
6854
2073
764
2999
2755
5961
6342
88
112
3238
274
3691
1021
5316
8046
4604
3641
1260
2024
2723
6423
650
7485
699
7432
5774
3605
851
3661
2655
272
1048
4226
181
4611
59
790
7018
806
3234
5037
1057
2240
1233
5795
2825
6437
4974
1071
4051
1534
1893
968
2203
6114
7833
3159
5464
4316
1073
3057
49
7593
1577
4622
3954
7378
4142
2741
3821
2251
2766
2724
7361
6345
5539
4567
3642
7125
7742
4954
4383
3434
7296
2215
728
7082
3563
494
2646
4621
2453
4938
1279
3393
5253
2698
1163
4652
1161
694
5923
3065
5884
7017
5162
2180
4768
1814
6842
5332
2732
3774
7516
5035
3809
2155
1723
1777
6625
1282
755
7870
4668
5326
856
773
3360
7665
4867
2329
2102
4884
4713
1080
4692
6316
484
5621
1890
2538
6317
4501
6228
1387
4918
6759
5986
4299
7149
7549
1156
377
3236
6414
2166
6206
373
796
3646
723
711
3717
5551
8156
618
3426
7343
3036
6347
3467
4257
7599
3317
7617
3903
5600
2988
2633
3716
3305
1729
188
6647
803
6260
589
4881
1238
3173
6283
6320
6768
6499
3515
5112
6289
5006
2588
1666
6255
4369
7182
2834
500
7918
185
7423
5329
4792
1452
175
6154
132
102
6826
1012
7295
1808
6168
4164
7213
7473
512
1114
2586
7079
4896
1093
7160
4271
5593
2839
1104
6353
7838
44
3281
85
6687
1467
7539
2231
2469
3452
2459
2129
4350
5283
7632
5394
1338
3141
7576
215
1287
6048
2445
1183
5132
26
7878
3653
4021
6274
6324
4805
6259
3795
5850
4089
8166
66
2037
6344
1941
3072
7223
7220
4404
2243
5184
5182
7281
5723
6627
6341
4565
5119
2828
1995
1304
6018
4240
6381
3314
3415
6271
7962
3484
1357
2991
7412
5453
196
7813
5016
6735
7889
3137
2824
8126
5702
6548
3422
1044
2308
5503
5679
3571
7022
712
6139
4545
8029
2715
3086
268
365
6430
6180
1295
7701
2498
4633
447
8070
2630
1188
7299
7356
3604
777
1445
7169
4361
425
205
3783
4766
5289
804
3818
7063
4648
2444
6635
6741
1703
4153
916
7696
6685
7643
4253
5304
4530
2887
3337
3529
7327
490
881
2255
3665
2865
7509
4373
413
7525
3983
646
1358
6392
1567
4479
1290
7144
7129
5909
5273
4848
2399
1513
3458
414
5556
5834
7380
1424
7276
1045
2726
6400
3815
6339
5820
7110
1040
2577
1428
4575
4069
1152
6359
3216
464
8178
2884
5097
6705
7150
4248
6472
7001
5407
3637
1494
2250
418
5247
292
6792
4699
3901
3696
957
6179
674
2806
6484
2525
7992
7478
5780
8006
7514
6483
992
2877
1626
6444
6374
1372
7457
6692
1439
7731
7953
7769
3550
1492
6630
4578
337
4459
2190
4704
7827
4064
1992
5279
2333
7864
5357
1914
2140
7041
6282
2460
5172
3872
889
1430
772
1402
2823
6132
1531
3155
3703
6240
5630
6707
1732
8146
984
3280
629
522
2417
3667
1007
4427
479
216
6770
141
831
5311
4754
5636
3045
7782
1975
2954
4477
3104
1355
5915
4834
6263
1363
6220
7386
3511
3067
4595
83
165
5028
7613
361
2374
4215
5090
977
1934
3893
3950
206
5459
744
4943
6399
5814
348
8171
2911
7497
5334
2616
4429
6448
1397
2860
3318
540
6756
3308
158
1148
5526
3556
314
428
8113
6552
2612
6091
6517
2411
6222
5048
151
1440
4010
2262
1938
2474
5486
5293
6438
1194
1763
6329
6855
6134
947
4519
4698
718
4500
4352
5887
2017
6604
4335
7080
3636
4719
5080
4492
3598
90
7133
1518
4084
5034
5120
7660
3416
4759
2297
1403
7124
5375
355
7175
1436
989
3886
3880
985
6290
2883
6293
4732
934
1971
1370
245
3175
1597
2618
4140
2967
644
5664
16
5877
3454
1545
3312
5729
1000
3410
7325
6497
6113
4958
5499
5179
2489
5306
7292
3060
7739
1192
7751
4546
495
7387
2690
7845
6898
4422
8036
1730
322
2257
6711
1836
6805
5683
2350
624
2434
727
6056
7199
6920
6384
4013
1664
2438
1257
1579
5388
3944
5633
5550
4657
1560
7501
7159
4325
5389
1407
5835
4712
1243
313
7002
3752
3817
5771
4701
1781
2464
7156
2558
2416
5300
3376
1709
3742
475
3790
4919
1568
1127
6766
3858
4504
2337
4926
7675
4981
4741
5171
3931
1674
5338
6243
6129
2317
2360
5020
6518
6543
4184
7045
7051
6360
234
6176
3453
2709
726
4483
3871
8138
8013
93
1653
3940
6657
1966
4729
4443
2846
5089
5570
5529
4921
1742
6082
584
3493
1359
4551
3991
2606
1394
4548
7616
7865
6003
2366
2427
3904
4625
341
4818
5641
1502
1120
6241
3884
5469
508
2296
7566
6596
7510
7089
6122
2424
4680
4525
4179
1861
3596
6089
8133
5088
2359
3049
7167
5055
5264
8037
3094
2401
1343
2050
2931
2040
6503
231
3197
3866
5165
2708
1482
1592
6820
970
1069
1262
2379
4221
4982
7261
7258
1646
5439
5142
192
4863
5878
6966
2550
2786
1831
4207
7676
7486
5448
1553
1379
4520
638
96
1552
501
7469
6303
3592
5749
2212
7562
6295
3146
19
6235
7290
1398
8087
3830
6815
1521
604
5983
4469
2362
438
1519
6567
338
2808
2400
4347
2973
1566
7128
3063
2941
3672
7162
5841
3778
1559
7608
50
7915
270
7472
3535
3465
7772
2970
4913
7603
1322
5563
2534
1778
4835
4148
2570
1953
4218
7265
7269
974
2635
2540
6181
6508
2807
8002
6788
58
6349
2889
2532
5584
5057
451
6046
924
5968
3058
6724
707
679
6085
4357
7911
5200
5964
5740
1100
7426
419
788
1757
2276
7245
834
1768
2837
7585
6072
105
8042
6426
836
3771
463
497
6323
4302
3540
2159
1826
5655
2678
662
6095
3597
7906
1902
2450
8078
2785
5770
6597
2851
3689
5374
1915
7597
5390
6373
3322
3469
7628
6659
6038
2284
6549
2310
2481
3814
765
5982
1018
6573
1098
8047
7206
7060
2826
4488
2978
3390
5128
3936
7410
729
7418
616
5832
4131
1951
3169
4998
2463
1191
276
1447
3217
6753
4384
6009
3616
5822
3010
4936
7904
1177
4865
4607
6412
8136
5918
6146
7395
5025
4788
1085
848
5031
2640
7218
1822
7416
7983
7109
1969
2415
7847
1978
907
5997
8100
1937
608
2080
8044
6010
2901
5175
2965
5521
4355
5257
2006
5212
1718
7498
2992
704
3348
7807
7310
1166
7075
2567
3002
6754
5210
5220
6395
236
1095
2803
155
4670
138
3343
3046
5987
4931
2971
4730
1375
2575
2423
7868
3342
7003
541
3219
7645
2433
3388
5308
6098
3019
7493
3900
2771
6736
1620
129
5840
7737
6201
1207
4630
1239
687
7046
4097
7430
7861
6424
1503
4667
5324
2153
7368
6832
6907
830
4116
6565
1248
1300
1675
6674
7860
6951
4642
5242
1470
6642
4942
5917
673
4600
3302
2282
4688
6147
4372
3381
1462
4752
3014
7882
5896
562
3846
769
6902
739
3185
4400
1935
8064
4474
5450
7451
5631
724
4586
4293
695
3160
3938
6740
3029
5647
3471
5069
7054
7016
7579
1187
3398
6515
1252
778
346
5960
359
5320
7795
6599
2331
4314
7056
7500
104
3712
4173
4978
5891
2707
3973
5830
4641
2068
4494
5651
2239
8050
4053
2236
6144
6031
3218
3373
2145
1582
8035
3567
2928
5530
5157
3100
783
4223
5531
3432
4063
3799
7754
221
7801
6175
4703
6126
2154
1210
5956
3905
7251
4820
1835
103
2628
7973
7404
523
2402
2562
8090
5714
4101
3369
5281
3976
5101
4298
5010
2484
6172
1841
4967
4273
4073
7977
7070
5941
1228
1281
7419
3179
5620
5487
4334
1059
8027
149
3180
482
1578
7869
1137
3714
4995
2892
5726
1429
2338
1039
7685
1171
1643
5187
7572
7467
1268
6802
4817
918
87
5397
354
4075
4821
5335
4083
7238
3988
4977
2455
3800
8049
4571
3022
1985
3838
2781
1696
6261
1461
1892
2081
8140
13
6555
8115
4123
391
7670
2222
5859
7123
7112
4628
4060
7413
6498
6960
2573
4091
2486
3874
3326
5927
1172
3385
4661
7058
5638
3549
3593
7829
7656
4241
6107
6566
706
7481
2458
7322
1505
283
1415
4138
1998
5852
3073
6795
1479
1860
3290
1948
8022
6226
91
5307
6778
7521
4559
5734
3975
1627
3613
241
5086
5879
7492
1453
4794
6899
7963
2184
3798
672
7948
6262
4872
5358
2319
5848
5083
6044
487
3733
2309
5369
3894
3705
7048
5365
1004
6874
1334
7943
5645
7926
7367
668
3210
6704
3329
518
6364
5221
5742
7899
3176
7246
5691
3168
3064
4170
4534
1150
2539
794
3300
2093
5996
6008
